12 12 34
W 11 10 9 5 8 
W 2 2 9 5 8 
S 8 5 4 4 8 
S 2 1 4 4 7 
A 7 11 4 4 7 
C 4 10 11 4 0 
@ 1 9 5 4 0 0 
C 4 8 14 4 0 
T 2 5 2 1 13 
g 4 4 0 0 9 
s 6 2 0 0 9 
G 10 0 0 0 9 
b 6 0 99 0 8 
+ 5 11 10 0 7 
b 5 0 99 0 7 
g 4 3 0 0 7 
s 6 1 0 0 6 
g 4 5 0 0 5 
g 3 3 0 0 5 
g 5 4 0 0 4 
G 9 0 0 0 4 
+ 11 1 10 0 4 
+ 11 2 10 0 7 
b 7 0 99 0 3 
g 7 10 0 0 3 
s 6 3 0 0 3 
+ 10 2 10 0 3 
+ 4 11 10 0 3 
s 5 2 0 0 2 
b 4 0 99 0 2 
s 5 1 0 0 2 
s 7 2 0 0 1 
+ 10 1 10 0 1 
g 8 10 0 0 1 
